1 2 6 7 8 9 12 14 18 26 33 
2 4 7 10 11 13 20 21 22 24 25 
3 5 14 15 17 26 27 34 35 38 40 
4 10 13 20 22 24 25 28 32 38 39 
5 6 7 8 12 15 19 21 23 32 38 
6 7 8 9 12 14 15 16 18 22 30 
7 9 16 20 24 27 30 32 37 40 47 
8 10 11 15 16 17 20 21 25 26 27 
9 11 13 14 15 20 23 25 33 40 42 
10 13 14 23 27 28 29 31 32 33 37 
11 16 20 23 36 44 47 50 51 52 59 
12 15 20 22 23 24 27 28 31 32 33 
13 21 24 27 28 29 31 37 50 51 52 
14 17 19 21 24 27 28 34 50 57 65 
15 23 24 25 29 33 38 43 44 45 48 
16 18 20 23 24 25 27 28 30 32 37 
17 22 27 29 36 45 60 63 64 66 70 
18 22 23 24 25 31 34 35 38 40 41 
19 24 25 28 34 36 37 49 50 52 54 
20 23 30 34 36 40 41 42 44 47 51 
21 22 23 24 26 33 34 36 37 38 44 
22 43 44 51 55 57 61 63 64 66 67 
23 26 30 46 54 55 58 60 62 67 78 
24 29 36 39 41 48 49 50 52 55 63 
25 26 28 29 46 47 51 53 67 69 72 
26 27 38 43 48 51 53 54 56 57 62 
27 33 35 36 61 62 64 65 74 77 83 
28 29 35 36 40 45 47 48 51 54 55 
29 31 32 33 35 37 38 39 41 44 47 
30 32 34 35 36 38 39 45 46 51 54 
31 44 45 46 47 48 50 57 59 63 64 
32 37 40 43 45 47 53 55 56 64 65 
33 34 42 52 55 57 64 65 68 69 73 
34 36 37 39 47 49 54 55 58 60 64 
35 36 38 42 43 55 61 63 64 71 72 
36 46 53 54 63 65 68 69 70 73 74 
37 40 41 42 43 45 47 50 51 52 56 
38 41 45 46 47 50 52 58 65 67 70 
39 45 48 49 52 55 59 63 64 65 70 
40 43 48 51 52 54 57 71 73 77 81 
41 43 45 50 55 56 58 61 64 65 67 
42 43 53 54 55 60 66 71 78 81 82 
43 44 47 48 50 51 53 54 55 58 60 
44 45 47 48 53 59 68 71 81 96 99 
45 46 50 51 54 55 59 60 64 74 76 
46 48 62 64 69 71 73 82 88 90 95 
47 51 53 56 59 64 66 74 80 83 86 
48 50 53 55 58 60 68 70 72 74 79 
49 63 64 70 72 74 75 77 80 85 93 
50 53 57 61 62 72 74 76 79 84 86 
51 54 58 60 63 64 69 74 76 79 85 
52 53 57 59 61 71 77 87 89 90 94 
53 67 68 71 72 73 76 78 80 81 83 
54 57 61 62 63 65 69 70 71 72 73 
55 57 61 63 66 68 70 71 72 74 78 
56 58 62 63 65 67 69 75 76 78 79 
57 60 62 63 64 65 66 67 68 70 72 
58 60 65 66 69 71 72 73 79 83 85 
59 60 61 65 68 72 73 75 82 84 90 
60 63 83 85 88 92 93 95 99 106 109 
61 70 73 76 78 81 86 87 102 103 104 
62 73 74 82 83 85 86 89 93 96 98 
63 64 67 69 70 71 74 76 78 79 88 
64 65 70 71 77 85 86 89 92 96 97 
65 66 69 71 72 74 77 78 81 82 86 
66 68 69 70 74 81 86 90 92 93 95 
67 69 79 87 89 93 94 95 99 100 104 
68 73 79 81 83 84 97 100 101 105 108 
69 72 74 78 79 81 90 92 93 98 104 
70 72 75 76 80 83 84 88 92 95 103 
71 78 79 80 82 85 88 90 92 93 94 
72 73 74 83 89 91 99 100 102 104 110 
73 77 81 83 84 86 90 98 106 113 121 
74 75 81 83 86 88 95 98 99 102 104 
75 76 77 80 82 87 89 94 98 111 115 
76 79 82 83 84 85 92 93 94 95 103 
77 78 79 86 89 91 104 107 108 112 114 
78 80 84 88 89 90 94 95 97 100 102 
79 82 85 86 87 94 106 110 117 121 124 
80 81 97 100 109 121 135 136 141 144 149 
81 83 86 88 100 101 104 106 111 113 114 
82 83 88 97 100 101 103 107 108 110 126 
83 84 90 91 96 102 113 116 120 121 125 
84 85 89 93 95 97 98 109 111 124 125 
85 86 87 92 95 97 105 106 107 109 115 
86 87 90 92 96 99 103 105 107 108 118 
87 89 90 91 95 105 108 117 118 120 121 
88 97 105 106 107 108 109 115 121 122 137 
89 92 94 100 101 103 106 108 112 114 118 
90 92 93 97 101 106 107 116 117 118 120 
91 92 93 97 103 106 107 109 114 117 124 
92 93 101 102 103 107 113 118 119 121 123 
93 95 96 97 101 102 106 107 114 115 123 
94 101 109 111 112 115 120 122 126 128 132 
95 101 102 103 104 106 107 108 110 120 121 
96 106 111 112 128 129 130 131 138 143 152 
97 100 101 102 103 109 113 114 117 118 119 
98 100 103 104 105 107 108 113 115 116 118 
99 101 102 103 106 116 126 133 136 139 140 
100 104 109 127 129 133 136 138 139 141 143 
101 107 108 110 114 119 126 133 134 136 143 
102 103 110 111 115 116 122 126 132 139 142 
103 104 110 119 120 126 127 132 137 146 150 
104 123 125 126 128 129 130 135 138 141 142 
105 108 111 116 118 123 124 126 130 131 135 
106 107 112 113 123 124 126 130 132 133 134 
107 111 112 116 117 118 125 128 132 134 135 
108 109 112 114 119 121 122 123 126 135 137 
109 124 126 128 129 130 131 132 133 135 137 
110 111 116 117 120 126 135 136 140 142 146 
111 113 115 118 119 121 123 125 128 130 131 
112 114 119 128 129 136 144 149 150 153 156 
113 118 120 121 122 131 132 133 140 141 142 
114 116 120 121 122 125 127 129 131 136 139 
115 121 123 124 125 126 129 131 133 134 143 
116 119 120 121 123 129 146 148 152 153 160 
117 119 121 122 135 138 140 144 150 155 156 
118 119 122 125 130 134 136 142 147 155 157 
119 121 124 128 139 145 148 159 161 162 163 
120 121 123 124 127 131 136 140 141 145 150 
121 122 123 126 129 133 134 136 140 147 150 
122 123 128 133 136 140 142 146 150 153 160 
123 124 134 137 140 141 143 145 148 150 152 
124 126 127 128 129 130 137 140 149 150 152 
125 127 129 130 131 136 138 139 142 143 144 
126 128 132 139 140 143 144 152 153 155 156 
127 129 132 133 134 139 140 142 143 145 149 
128 129 131 133 134 137 138 147 151 152 154 
129 130 132 135 145 146 155 163 164 168 171 
130 132 133 140 142 147 150 151 158 163 165 
131 135 136 137 138 140 148 150 153 154 156 
132 133 140 141 142 146 148 151 152 160 165 
133 142 144 146 147 149 150 152 153 156 160 
134 141 142 150 157 164 180 181 183 196 197 
135 137 138 141 145 147 149 150 154 156 162 
136 147 151 153 155 156 163 167 173 176 184 
137 139 150 151 154 156 158 159 163 168 171 
138 139 146 152 154 155 166 168 171 172 175 
139 140 146 148 154 159 160 164 165 166 167 
140 142 146 149 151 155 159 161 168 177 192 
141 144 146 147 148 150 151 152 153 156 159 
142 143 144 146 148 151 152 156 157 159 165 
143 145 146 147 149 152 155 156 158 163 164 
144 149 155 156 158 164 167 173 175 181 182 
145 148 149 150 151 153 155 157 160 169 173 
146 149 150 151 159 165 166 173 177 180 182 
147 149 153 157 162 164 178 179 181 185 187 
148 149 161 162 164 168 171 177 179 180 183 
149 150 158 159 162 165 170 171 174 181 186 
150 158 159 162 169 175 176 179 188 189 194 
151 152 155 161 162 167 173 174 175 178 180 
152 154 159 161 166 167 172 175 179 183 185 
153 157 161 162 163 167 168 177 180 183 186 
154 158 166 168 169 170 171 178 180 184 186 
155 157 158 162 164 167 171 178 183 195 196 
156 157 158 159 164 167 168 175 177 178 180 
157 158 161 174 176 178 179 180 188 191 196 
158 164 165 173 175 181 183 189 190 192 196 
159 160 164 166 171 176 189 190 195 196 197 
160 166 171 173 184 185 190 196 198 201 204 
161 168 170 173 175 182 195 199 200 203 207 
162 164 166 168 176 180 181 183 190 198 200 
163 165 171 172 175 177 178 182 188 189 197 
164 167 169 172 173 175 177 178 191 194 196 
165 169 173 174 176 180 182 185 190 191 192 
166 172 173 174 175 178 179 182 184 188 193 
167 172 176 177 178 184 185 187 189 193 199 
168 172 173 177 183 184 185 186 189 194 196 
169 174 175 180 187 189 190 195 196 197 200 
170 181 182 185 188 190 191 192 193 199 212 
171 179 181 185 188 192 194 201 202 207 209 
172 184 185 188 198 208 213 214 215 217 219 
173 176 178 180 181 189 191 194 195 199 205 
174 175 176 177 178 180 183 184 185 186 187 
175 176 179 180 181 182 185 187 200 207 209 
176 177 180 192 194 199 201 205 210 213 217 
177 179 180 185 187 190 192 197 198 206 207 
178 186 190 196 197 199 200 211 213 217 221 
179 180 181 183 185 190 191 193 196 197 198 
180 181 183 186 188 195 197 198 200 204 205 
181 183 188 191 193 198 202 203 207 208 211 
182 183 184 197 198 200 201 205 207 210 219 
183 184 185 194 204 207 227 228 233 240 241 
184 186 188 191 193 200 204 207 211 213 216 
185 188 193 194 195 196 200 201 202 208 211 
186 187 188 197 203 209 211 217 221 223 226 
187 197 202 214 215 217 219 222 224 226 234 
188 189 190 192 203 205 209 219 220 224 226 
189 191 192 193 212 218 220 223 224 225 230 
190 192 193 196 197 200 202 207 212 214 215 
191 195 196 197 198 208 218 219 225 230 237 
192 193 199 200 210 213 217 218 222 223 224 
193 195 198 200 205 206 207 209 211 215 216 
194 196 199 200 202 205 213 214 222 233 234 
195 199 200 206 209 210 212 214 215 217 219 
196 200 203 205 207 208 211 215 227 228 229 
197 199 200 202 204 205 206 213 218 221 223 
198 200 202 204 208 214 217 220 224 225 227 
199 202 213 220 221 226 227 231 235 236 237 
200 204 209 210 212 214 221 226 238 244 247 
201 214 219 230 233 234 235 240 241 243 259 
202 204 205 206 211 213 227 231 233 235 242 
203 204 208 212 213 214 216 217 226 230 236 
204 214 216 221 223 224 225 227 228 235 238 
205 207 208 212 218 222 223 233 243 246 247 
206 207 208 209 211 212 217 222 224 225 226 
207 208 209 211 221 228 229 230 232 240 245 
208 211 212 213 225 229 231 232 235 237 238 
209 215 216 218 222 226 229 235 247 263 269 
210 213 215 216 217 223 230 233 237 238 244 
211 213 215 216 225 227 233 234 235 236 241 
212 214 219 223 235 237 239 244 245 246 247 
213 214 222 227 228 230 232 233 236 239 240 
214 218 225 226 230 233 235 237 238 242 244 
215 216 222 227 228 231 234 235 237 240 251 
216 219 222 225 226 229 230 231 232 234 238 
217 218 219 220 221 224 237 238 240 241 244 
218 220 222 227 230 232 234 235 243 257 258 
219 221 222 231 235 237 239 242 248 249 250 
220 221 223 224 225 236 238 240 241 245 247 
221 222 230 232 234 243 245 247 250 255 256 
222 229 234 237 238 250 251 252 256 257 259 
223 226 228 237 238 245 246 248 253 255 256 
224 232 234 237 239 241 242 243 244 246 248 
225 228 232 239 241 244 247 248 249 256 257 
226 228 229 235 238 241 247 248 251 255 256 
227 231 232 233 235 241 242 244 245 246 248 
228 239 245 252 254 257 258 262 263 265 269 
229 240 245 252 254 255 263 264 267 272 280 
230 233 235 236 239 242 243 248 252 253 257 
231 232 234 238 242 247 248 249 251 261 262 
232 234 235 236 237 238 241 243 244 247 248 
233 235 240 247 249 250 251 258 259 263 264 
234 238 243 247 249 255 256 259 262 264 275 
235 236 244 245 259 261 262 266 267 276 277 
236 237 238 240 247 253 254 255 258 270 278 
237 248 252 254 255 256 257 258 261 264 266 
238 242 245 247 248 250 253 257 259 260 267 
239 244 248 249 256 262 269 273 283 285 286 
240 241 242 244 245 246 248 252 255 256 261 
241 242 244 245 246 251 252 254 259 261 265 
242 249 255 260 261 265 266 267 272 274 275 
243 246 248 250 251 254 260 261 264 266 270 
244 249 250 253 257 260 261 264 265 266 271 
245 247 251 252 259 269 270 275 276 282 287 
246 250 253 256 262 265 266 273 274 278 282 
247 248 249 251 253 258 267 268 275 276 278 
248 250 254 256 258 259 261 268 272 274 279 
249 251 252 255 256 261 267 271 272 273 274 
250 251 253 257 258 261 262 275 276 288 293 
251 257 258 259 260 261 265 267 269 270 275 
252 253 255 256 262 265 271 272 275 278 280 
253 255 264 266 267 273 277 281 283 294 298 
254 258 259 263 264 268 270 281 283 284 285 
255 258 259 261 263 268 269 272 274 278 280 
256 258 269 271 275 279 281 287 290 293 298 
257 258 265 266 269 272 276 277 282 294 297 
258 259 261 263 272 276 278 279 288 292 295 
259 260 265 271 273 276 277 278 280 285 289 
260 261 262 263 271 272 276 281 285 292 293 
261 264 265 266 267 269 273 275 278 279 282 
262 265 266 267 284 285 286 288 289 300 301 
263 265 266 267 276 287 291 297 302 307 322 
264 270 271 272 273 283 286 290 292 293 297 
265 269 277 278 284 290 292 298 302 304 306 
266 268 269 271 272 273 278 282 284 286 289 
267 272 275 279 280 284 286 288 293 296 298 
268 271 274 275 276 277 282 288 293 294 300 
269 275 278 282 284 287 293 295 296 303 307 
270 271 272 273 279 281 282 286 288 289 294 
271 273 275 277 278 281 282 287 289 291 294 
272 274 279 283 287 290 296 298 299 307 311 
273 275 278 286 293 294 299 301 309 310 316 
274 276 283 284 288 289 291 293 295 298 299 
275 276 279 280 286 291 292 296 299 306 308 
276 278 280 282 283 287 288 290 295 298 300 
277 282 285 290 292 293 295 299 302 307 309 
278 279 280 289 299 303 304 307 308 311 314 
279 290 292 293 296 297 298 299 303 306 308 
280 285 291 296 314 315 317 319 322 327 347 
281 284 291 295 297 298 299 302 304 305 315 
282 286 296 301 306 308 312 324 329 332 335 
283 291 293 294 297 301 302 307 310 311 313 
284 286 288 299 302 303 305 307 315 319 321 
285 286 288 290 292 293 296 300 304 305 317 
286 291 294 296 298 302 305 307 308 309 313 
287 291 294 295 300 304 308 310 314 317 320 
288 296 298 303 310 311 315 319 323 324 326 
289 290 294 298 307 308 311 312 314 315 317 
290 291 295 300 301 303 304 305 307 309 315 
291 293 295 301 308 311 314 322 323 330 332 
292 296 297 300 303 305 306 309 310 313 314 
293 294 296 297 298 300 305 306 307 308 316 
294 295 300 307 310 312 313 317 320 326 329 
295 297 298 300 310 311 315 318 322 326 328 
296 299 300 301 302 303 304 306 310 314 315 
297 299 302 303 309 312 321 324 326 328 330 
298 306 310 311 314 315 317 320 326 327 331 
299 302 306 317 322 336 338 344 346 349 350 
300 302 311 314 317 320 324 325 331 332 338 
301 307 310 315 318 319 322 324 332 333 336 
302 304 306 307 309 314 319 321 327 329 335 
303 304 306 307 308 309 310 321 322 325 331 
304 305 308 309 318 319 324 326 328 330 332 
305 306 308 309 313 314 316 321 322 325 326 
306 313 318 319 321 323 324 326 327 330 331 
307 308 310 311 314 316 317 319 322 324 326 
308 310 311 312 316 320 321 324 326 328 330 
309 310 312 316 337 340 346 350 351 355 358 
310 311 312 313 316 317 320 321 324 325 326 
311 312 313 316 318 319 320 324 328 329 330 
312 316 317 318 324 334 335 339 346 348 353 
313 315 316 320 321 322 325 326 329 332 333 
314 316 329 333 334 335 337 345 347 349 352 
315 317 319 321 323 324 325 326 330 331 332 
316 320 321 326 327 330 335 338 344 353 356 
317 319 320 321 331 332 335 336 342 344 348 
318 319 324 331 340 342 343 345 349 352 354 
319 320 321 322 344 349 351 354 357 359 364 
320 325 330 331 335 337 338 342 346 348 350 
321 325 331 336 341 342 347 349 355 360 361 
322 323 324 326 331 335 344 349 355 361 367 
323 329 330 331 333 335 341 350 352 355 356 
324 328 331 336 338 339 344 346 352 353 359 
325 327 329 331 332 337 341 342 343 354 360 
326 328 329 338 340 346 353 354 355 358 361 
327 328 330 331 333 345 346 347 351 352 362 
328 333 336 337 338 340 345 346 348 350 356 
329 332 336 337 342 344 348 351 354 357 358 
330 332 338 350 353 354 360 361 366 370 376 
331 336 342 345 347 349 350 354 356 357 363 
332 336 341 342 344 347 348 350 356 374 375 
333 335 346 347 348 361 365 373 374 375 376 
334 338 341 343 351 353 355 358 366 369 372 
335 340 345 346 349 353 356 357 359 360 371 
336 338 341 342 346 347 349 353 356 358 361 
337 338 341 347 351 356 358 359 363 364 365 
338 341 342 344 345 348 349 352 353 356 357 
339 341 342 346 349 350 351 366 371 375 378 
340 344 348 351 354 358 363 366 374 377 378 
341 342 347 348 350 355 356 357 366 370 371 
342 345 350 359 363 365 366 367 373 377 378 
343 344 348 351 352 357 361 365 366 367 370 
344 349 350 353 354 357 361 363 365 366 367 
345 348 349 350 355 357 361 363 368 375 379 
346 357 361 366 369 373 383 385 386 390 391 
347 349 353 354 362 363 364 366 371 373 374 
348 350 351 360 363 369 370 377 381 382 384 
349 353 354 359 360 361 362 364 372 373 374 
350 352 358 361 364 366 368 370 373 375 376 
351 353 354 355 362 365 368 370 372 378 386 
352 353 354 357 359 361 362 365 370 371 377 
353 355 360 363 366 371 372 376 379 382 386 
354 355 358 359 361 364 367 368 369 370 372 
355 357 362 364 367 369 372 373 376 381 384 
356 364 367 369 372 374 375 378 381 386 390 
357 359 360 361 362 365 368 371 373 381 383 
358 360 371 382 383 384 386 393 395 396 397 
359 363 364 366 374 380 385 389 395 396 400 
360 368 371 384 386 389 390 404 405 417 420 
361 367 369 370 371 372 373 374 383 394 395 
362 363 366 367 370 373 374 382 383 395 406 
363 367 368 369 376 378 379 382 391 395 399 
364 365 366 371 375 379 387 388 395 405 406 
365 366 369 372 379 380 390 391 397 398 399 
366 367 368 369 371 372 373 384 387 389 390 
367 368 370 371 372 373 374 378 381 386 387 
368 373 374 375 379 381 382 385 386 389 394 
369 373 381 387 388 389 391 392 396 398 401 
370 381 383 389 392 400 402 410 412 416 419 
371 372 375 377 380 381 385 387 389 395 396 
372 377 378 380 397 401 402 404 410 414 417 
373 374 375 377 381 382 383 385 386 387 391 
374 375 384 387 397 403 405 406 412 414 417 
375 376 381 382 383 386 388 392 394 395 403 
376 383 386 387 392 393 394 401 402 405 409 
377 379 385 387 393 411 418 421 433 444 450 
378 380 383 385 395 397 398 399 402 403 409 
379 380 386 388 389 390 400 403 407 409 410 
380 381 382 385 387 389 391 392 396 399 401 
381 388 390 396 397 398 405 406 408 410 415 
382 384 387 389 390 391 397 398 400 404 407 
383 384 385 386 387 389 393 397 400 403 404 
384 385 387 395 401 402 408 409 410 413 416 
385 386 390 395 401 402 403 405 408 412 414 
386 387 388 397 398 399 401 402 415 417 418 
387 389 390 396 397 405 413 414 415 419 420 
388 395 396 397 399 400 406 408 410 411 414 
389 394 397 398 400 401 403 404 407 408 411 
390 395 405 407 409 423 429 430 437 439 448 
391 394 398 408 419 422 424 426 427 428 429 
392 401 402 405 409 410 412 417 423 424 432 
393 394 395 396 398 401 403 405 411 412 415 
394 397 398 401 402 404 405 410 411 419 420 
395 398 399 400 403 404 406 407 414 416 418 
396 405 407 413 414 415 417 422 423 424 427 
397 401 403 404 406 407 408 410 411 412 416 
398 400 405 406 407 411 415 417 419 435 437 
399 402 406 407 408 412 424 425 426 429 438 
400 401 405 409 410 414 415 425 428 430 432 
401 402 404 406 407 412 413 421 425 426 427 
402 407 412 426 427 428 429 442 443 455 456 
403 407 408 410 415 418 419 423 427 428 429 
404 406 408 417 418 421 423 428 437 439 440 
405 411 417 424 436 444 446 453 460 468 469 
406 411 415 418 420 421 424 427 428 429 437 
407 409 410 412 420 423 428 430 431 432 435 
408 411 414 415 416 422 423 424 433 434 437 
409 415 421 422 425 436 441 443 445 447 450 
410 413 414 415 419 428 433 435 436 443 444 
411 412 417 418 419 421 423 424 426 427 428 
412 415 426 427 431 436 439 442 448 450 452 
413 414 420 427 435 448 450 451 457 458 461 
414 415 418 422 423 424 425 426 427 429 430 
415 416 420 422 428 430 431 433 439 443 444 
416 418 420 423 427 428 430 434 437 443 445 
417 419 420 421 423 426 427 429 430 434 435 
418 420 421 424 426 436 437 438 440 443 444 
419 423 424 428 432 433 434 437 439 441 444 
420 425 427 428 440 441 443 444 451 452 454 
421 423 430 431 433 434 436 437 442 444 445 
422 423 427 434 439 441 444 447 452 453 457 
423 424 425 427 429 431 432 434 435 442 445 
424 431 434 440 444 452 453 454 464 467 473 
425 426 434 435 437 439 443 446 451 458 459 
426 428 429 434 436 437 438 440 442 444 446 
427 429 430 431 435 442 444 449 451 456 457 
428 434 437 440 449 451 452 456 467 470 471 
429 430 431 436 437 443 446 448 451 452 453 
430 435 436 437 440 442 445 446 447 448 449 
431 439 440 442 450 457 463 464 470 477 478 
432 434 436 440 444 447 454 458 462 466 478 
433 436 437 440 442 445 450 452 453 456 457 
434 438 439 440 443 444 449 451 453 456 457 
435 436 438 446 447 449 452 454 458 469 471 
436 437 439 446 452 453 455 457 459 464 465 
437 441 443 446 449 452 454 455 459 461 465 
438 439 442 446 453 454 456 458 459 466 471 
439 440 445 447 451 458 460 467 470 471 479 
440 441 445 448 449 451 455 458 461 466 471 
441 459 466 467 473 474 476 477 480 481 489 
442 443 445 446 448 464 469 472 478 480 482 
443 446 447 451 453 457 459 461 474 475 482 
444 447 449 450 455 456 467 468 484 487 488 
445 448 451 452 453 456 458 464 466 467 469 
446 447 452 453 456 466 469 474 475 477 479 
447 449 451 459 461 464 466 468 471 475 480 
448 452 454 457 461 462 463 468 472 477 481 
449 454 456 457 463 468 469 470 471 473 474 
450 452 455 459 467 468 474 477 478 483 489 
451 455 456 457 459 460 469 472 473 474 475 
452 454 456 457 461 462 463 465 471 472 474 
453 455 458 462 465 466 473 475 476 483 485 
454 457 458 462 463 474 477 483 487 491 492 
455 458 459 463 464 468 469 479 481 483 488 
456 457 458 463 464 465 469 471 477 483 489 
457 459 462 464 467 468 470 472 474 484 486 
458 459 461 475 479 483 484 492 497 501 502 
459 462 463 464 467 469 470 471 473 476 485 
460 461 462 469 470 472 483 487 489 491 492 
461 462 463 464 470 474 475 479 481 483 485 
462 463 465 466 467 471 477 480 483 484 485 
463 465 466 468 472 477 479 485 492 496 501 
464 468 469 480 481 483 484 486 488 494 500 
465 469 470 482 488 494 495 498 499 507 508 
466 467 468 469 480 485 487 492 494 496 500 
467 470 473 474 476 487 490 492 493 497 503 
468 473 475 477 479 480 481 483 485 486 491 
469 470 476 478 481 490 493 496 499 502 509 
470 472 473 477 478 489 501 503 504 506 507 
471 473 480 484 490 493 495 498 499 500 501 
472 473 476 477 480 487 494 502 504 510 514 
473 475 479 480 481 483 485 487 501 509 522 
474 476 477 478 484 488 496 499 500 502 506 
475 477 480 481 490 491 493 494 496 500 506 
476 479 480 488 489 490 491 493 494 496 499 
477 478 481 482 493 498 502 505 508 509 510 
478 482 484 491 493 494 495 499 501 502 504 
479 481 482 491 492 495 497 504 510 513 516 
480 483 486 487 494 497 499 502 504 505 506 
481 482 486 488 489 490 492 500 501 504 509 
482 484 487 494 496 500 503 507 508 512 516 
483 484 485 486 487 491 493 494 499 500 503 
484 485 489 492 500 502 509 510 514 517 522 
485 486 491 492 499 500 505 507 508 514 517 
486 492 496 498 507 512 514 515 516 524 531 
487 493 494 499 500 502 505 507 508 509 516 
488 489 490 491 494 497 502 503 507 508 514 
489 493 495 497 501 502 503 506 508 509 510 
490 493 498 505 507 508 513 515 516 519 520 
491 496 498 500 506 515 531 532 533 539 540 
492 503 505 506 511 512 516 517 518 521 522 
493 501 502 504 506 507 512 513 517 518 520 
494 497 499 501 502 505 506 507 508 512 514 
495 497 498 505 506 507 508 511 515 516 517 
496 500 502 511 514 517 521 522 527 531 538 
497 498 500 504 505 509 511 514 516 518 519 
498 499 502 504 507 526 527 535 539 540 547 
499 500 501 503 506 511 515 517 521 523 524 
500 501 502 504 506 507 508 512 516 518 523 
501 504 512 516 526 528 534 540 541 545 546 
502 507 509 510 513 518 519 521 526 531 533 
503 505 506 507 513 515 519 520 522 536 541 
504 509 514 516 519 523 526 537 538 539 541 
505 518 522 525 528 531 537 539 541 543 544 
506 512 516 527 534 536 538 540 549 551 555 
507 509 516 520 522 525 528 530 537 544 545 
508 514 515 517 519 526 529 530 536 537 548 
509 512 514 522 525 528 531 536 537 541 542 
510 511 512 515 516 517 518 520 527 528 540 
511 517 522 529 533 534 535 537 538 541 544 
512 520 522 523 534 539 542 545 546 549 551 
513 514 515 520 521 523 524 526 534 538 539 
514 517 520 524 526 536 538 540 541 542 546 
515 517 522 523 524 525 529 532 533 537 542 
516 518 527 530 531 535 536 545 548 556 558 
517 524 526 528 530 533 534 535 541 542 549 
518 522 523 525 529 531 533 538 540 541 544 
519 520 529 530 535 536 541 561 562 566 568 
520 522 524 531 535 537 538 540 541 544 546 
521 526 528 532 533 534 538 539 548 551 554 
522 525 528 531 538 545 546 550 554 559 563 
523 526 529 534 535 537 541 545 547 548 551 
524 530 533 534 536 538 542 545 546 547 559 
525 527 528 533 537 538 539 542 551 552 555 
526 528 531 535 538 539 541 543 548 553 554 
527 531 534 538 540 541 542 543 546 548 552 
528 530 531 536 537 539 540 546 547 555 558 
529 533 536 537 541 542 543 544 545 548 549 
530 531 534 536 539 542 544 548 558 565 566 
531 533 538 541 542 552 554 559 564 565 566 
532 533 538 539 541 567 569 573 574 575 577 
533 534 535 537 539 545 550 551 554 556 562 
534 541 543 544 547 552 557 564 565 572 575 
535 537 540 544 553 554 556 559 565 567 568 
536 538 539 546 549 550 552 554 559 562 564 
537 544 545 546 551 563 566 570 573 576 581 
538 541 542 543 544 545 548 549 552 553 554 
539 541 542 543 555 557 561 563 570 578 580 
540 549 550 553 555 557 562 563 569 572 573 
541 543 555 556 558 559 562 564 568 578 580 
542 545 546 548 549 552 554 556 558 563 576 
543 544 548 555 557 558 562 564 566 568 569 
544 548 549 552 557 558 562 564 570 571 574 
545 550 558 562 566 567 573 579 581 582 585 
546 547 552 553 558 559 561 562 563 565 568 
547 549 552 554 559 560 561 563 566 573 575 
548 551 552 554 558 559 564 565 568 574 578 
549 550 558 559 562 568 575 578 581 585 589 
550 551 552 556 562 563 564 569 571 575 581 
551 553 555 561 562 566 567 569 571 573 575 
552 553 555 562 564 571 578 581 584 593 604 
553 555 559 564 566 574 577 578 582 583 586 
554 555 556 558 560 562 564 565 567 568 571 
555 560 564 566 568 570 571 572 574 576 580 
556 558 561 562 564 565 568 571 577 578 580 
557 559 568 580 590 591 597 598 599 605 606 
558 565 566 568 570 573 578 579 584 587 588 
559 560 567 568 570 571 577 578 580 581 585 
560 562 564 568 572 576 580 587 589 590 591 
561 563 565 571 577 578 579 580 586 592 596 
562 563 566 569 570 578 586 588 590 591 593 
563 567 569 579 582 583 584 588 589 592 593 
564 565 570 575 578 579 588 589 590 591 597 
565 568 574 575 580 583 586 588 589 590 593 
566 568 569 575 586 597 599 602 608 611 616 
567 569 578 580 582 583 595 599 600 602 605 
568 570 573 576 577 585 591 595 600 603 608 
569 570 571 573 575 579 581 593 600 601 602 
570 573 574 575 576 580 584 585 592 595 597 
571 573 576 578 579 583 587 588 590 591 595 
572 578 585 588 595 596 597 602 603 609 610 
573 575 577 579 580 581 582 583 587 590 591 
574 579 580 593 597 598 602 622 626 628 629 
575 579 583 585 587 588 589 594 597 598 605 
576 577 579 581 584 590 593 594 599 601 603 
577 578 588 589 590 591 592 600 609 610 612 
578 582 585 586 587 593 594 595 596 597 600 
579 580 591 593 596 611 614 615 622 629 630 
580 581 582 583 585 587 588 589 590 592 598 
581 585 586 587 590 592 595 596 599 601 603 
582 583 584 588 591 592 598 603 606 616 617 
583 584 588 592 594 596 601 604 607 614 615 
584 589 593 595 597 599 605 610 613 615 618 
585 586 587 591 600 601 602 604 605 606 608 
586 588 592 594 595 596 599 600 603 607 612 
587 590 592 597 598 603 607 608 611 620 621 
588 589 590 592 595 596 597 602 604 605 606 
589 592 594 596 599 602 603 616 620 625 629 
590 591 601 603 608 610 613 623 630 632 634 
591 600 602 604 605 606 608 612 614 616 618 
592 593 595 596 600 604 610 616 617 629 636 
593 594 595 600 602 603 613 615 616 618 622 
594 596 600 612 616 628 630 631 633 635 636 
595 597 598 600 601 604 605 622 627 629 630 
596 602 612 613 614 616 617 620 625 629 630 
597 598 600 601 605 606 608 613 614 616 618 
598 599 605 617 624 631 649 657 663 664 665 
599 600 602 603 604 605 607 608 609 610 612 
600 603 604 605 612 613 620 623 624 628 633 
601 606 607 611 620 622 631 633 637 638 643 
602 605 610 615 616 619 621 622 623 626 628 
603 605 613 616 620 626 629 632 633 635 638 
604 606 609 614 615 616 620 623 625 627 628 
605 608 609 614 615 620 622 627 628 629 652 
606 611 615 619 620 622 624 631 632 633 637 
607 608 611 620 621 624 628 629 630 644 645 
608 610 613 617 621 629 631 635 636 638 640 
609 610 615 621 624 627 629 630 633 635 639 
610 614 615 618 623 624 631 634 637 638 639 
611 612 616 617 618 620 621 623 625 626 628 
612 613 619 621 627 635 642 644 646 649 655 
613 615 618 619 620 624 630 635 640 645 649 
614 616 618 621 622 624 626 633 638 639 640 
615 619 620 622 623 633 639 643 645 646 652 
616 620 624 625 626 629 630 631 633 637 640 
617 620 622 624 629 630 631 644 651 652 655 
618 620 621 622 627 628 633 638 639 640 642 
619 621 622 625 631 632 635 645 647 649 658 
620 623 639 641 642 643 645 653 661 668 669 
621 622 623 624 628 630 637 640 641 644 645 
622 630 632 633 634 638 641 642 644 651 656 
623 628 630 632 633 634 637 647 648 649 651 
624 626 632 633 634 635 638 641 642 644 649 
625 627 634 636 637 643 644 646 651 652 656 
626 627 630 639 641 644 646 647 652 658 662 
627 629 631 638 640 643 650 660 661 669 680 
628 629 630 633 635 638 642 645 648 651 654 
629 631 633 642 644 653 659 660 662 663 668 
630 642 644 645 646 647 649 650 651 655 656 
631 640 642 649 650 654 655 656 657 659 666 
632 633 635 636 637 640 646 651 659 662 664 
633 635 643 646 649 651 653 657 658 660 661 
634 637 640 651 652 656 665 670 671 681 686 
635 637 644 645 652 663 669 675 677 679 681 
636 638 649 651 654 657 658 661 662 678 682 
637 640 646 647 648 651 652 657 662 663 664 
638 648 649 651 652 663 665 666 668 671 672 
639 641 642 644 646 649 652 665 671 674 675 
640 643 647 648 652 653 655 656 665 667 671 
641 644 648 649 652 655 656 658 662 665 670 
642 649 652 663 665 667 668 671 672 675 677 
643 646 648 649 653 662 663 666 670 674 681 
644 645 654 656 657 658 659 661 665 666 673 
645 648 650 651 652 653 655 657 660 663 664 
646 655 658 668 669 674 682 683 685 693 697 
647 650 652 656 658 659 661 662 665 667 679 
648 650 652 654 655 656 661 662 664 671 675 
649 651 653 660 662 664 666 670 676 683 687 
650 652 659 660 664 667 678 680 681 682 687 
651 655 656 657 663 669 671 672 681 687 693 
652 655 656 661 666 669 670 671 672 673 674 
653 656 658 661 669 670 672 679 681 683 684 
654 660 663 667 674 675 676 677 678 679 680 
655 666 673 674 677 678 685 691 692 695 697 
656 662 671 673 676 677 688 691 692 693 703 
657 662 663 666 668 672 677 679 681 685 686 
658 663 666 668 669 677 679 680 683 688 689 
659 666 669 678 685 689 692 697 700 703 704 
660 661 663 665 668 674 675 677 678 679 683 
661 671 673 680 681 685 687 688 689 694 696 
662 663 666 675 677 679 680 681 682 687 688 
663 665 667 670 672 674 679 691 694 695 702 
664 668 671 678 681 690 691 694 696 697 700 
665 668 669 674 680 686 689 692 698 699 700 
666 667 678 681 685 686 689 693 695 697 716 
667 670 672 674 678 682 688 689 691 692 694 
668 681 683 692 701 704 718 722 724 726 727 
669 673 674 675 678 679 684 685 693 696 697 
670 671 681 688 700 702 704 708 709 711 715 
671 674 676 677 679 684 685 693 694 696 698 
672 673 682 683 686 691 692 693 696 697 699 
673 674 679 682 683 684 685 686 687 696 697 
674 679 681 685 687 688 695 705 713 714 715 
675 677 682 686 694 695 699 704 708 710 711 
676 682 687 690 691 699 700 702 704 707 709 
677 678 679 680 682 684 689 694 695 700 702 
678 686 694 697 699 700 703 706 707 708 712 
679 680 685 686 689 691 694 699 703 710 714 
680 689 696 697 699 700 709 713 717 720 725 
681 683 692 702 703 705 708 714 716 717 721 
682 685 688 691 692 693 695 704 708 709 714 
683 684 690 691 692 696 703 705 707 712 717 
684 686 688 689 691 692 693 694 699 708 720 
685 688 691 695 697 699 708 711 714 719 720 
686 690 693 694 697 714 718 722 726 728 734 
687 690 691 694 696 700 702 703 707 708 711 
688 690 692 694 701 705 709 714 720 721 725 
689 701 702 704 706 707 711 718 719 728 730 
690 694 697 705 706 708 712 715 718 720 726 
691 692 693 695 701 704 706 708 711 712 719 
692 700 703 714 718 731 733 739 740 742 744 
693 695 700 706 709 715 716 717 718 721 726 
694 696 697 700 702 703 704 706 707 709 711 
695 696 697 701 703 705 710 713 716 719 720 
696 700 701 702 704 709 710 719 723 729 732 
697 700 701 703 707 708 709 714 715 717 719 
698 699 702 704 705 708 710 711 713 714 715 
699 701 705 712 715 716 719 720 721 725 726 
700 704 708 709 710 719 723 724 728 732 739 
701 702 703 705 707 712 713 715 720 721 726 
702 707 715 717 721 723 726 728 733 734 735 
703 705 706 707 712 717 724 725 729 730 731 
704 705 708 711 712 715 723 725 726 727 731 
705 706 717 723 726 727 728 729 732 733 734 
706 708 712 714 715 716 717 721 729 731 732 
707 708 709 714 716 719 720 721 722 727 728 
708 709 710 711 712 715 716 718 720 722 724 
709 710 712 713 714 718 719 724 726 728 729 
710 714 718 725 727 728 731 732 736 744 749 
711 712 716 727 732 736 740 742 743 751 754 
712 717 720 726 728 730 731 735 738 745 746 
713 717 732 735 736 741 743 748 750 757 764 
714 716 721 722 729 732 740 743 749 753 758 
715 718 726 729 732 733 735 736 738 740 746 
716 717 718 730 732 733 734 735 741 743 745 
717 719 720 721 724 726 729 732 735 738 739 
718 720 721 723 724 732 735 738 739 740 750 
719 720 726 728 729 736 737 741 744 752 753 
720 723 727 731 733 736 740 746 747 751 754 
721 722 731 734 735 736 749 750 763 765 767 
722 726 728 734 737 739 740 748 750 754 755 
723 727 728 731 732 737 739 740 742 743 744 
724 725 726 733 736 738 745 746 752 757 759 
725 730 733 735 738 739 742 749 763 766 784 
726 728 741 747 754 760 761 764 770 772 777 
727 730 732 741 743 746 747 757 759 761 762 
728 732 733 735 740 745 746 749 756 757 758 
729 734 735 744 746 747 749 751 754 755 763 
730 736 743 744 755 756 763 765 770 771 782 
731 736 737 750 751 753 754 757 759 761 766 
732 734 738 739 741 742 745 748 751 754 757 
733 738 747 749 755 760 761 762 767 768 769 
734 742 743 747 748 749 754 755 763 764 765 
735 736 741 745 748 749 750 756 757 763 767 
736 738 745 746 749 751 752 753 758 759 760 
737 738 739 745 747 749 750 752 759 763 767 
738 739 745 746 748 751 754 758 765 768 769 
739 758 759 764 765 766 771 774 775 776 777 
740 741 743 744 748 750 754 755 756 757 758 
741 742 743 746 747 756 757 759 760 761 762 
742 746 750 751 760 763 769 777 778 783 798 
743 747 748 752 753 755 758 760 761 764 765 
744 745 747 748 750 756 758 764 771 773 776 
745 748 749 750 751 752 754 755 756 758 761 
746 747 749 752 753 754 764 767 768 769 772 
747 749 752 760 762 763 765 772 773 774 775 
748 752 753 754 755 763 764 767 769 770 772 
749 750 752 753 760 763 767 770 771 774 775 
750 752 753 754 755 757 762 764 765 766 767 
751 752 754 759 760 768 769 778 780 782 786 
752 753 754 758 759 765 768 771 773 775 780 
753 755 757 761 763 767 773 777 779 781 782 
754 755 760 761 765 772 775 777 779 780 781 
755 757 759 762 763 767 769 770 782 785 795 
756 757 758 761 764 765 767 768 785 788 791 
757 767 769 774 777 785 791 795 798 799 802 
758 760 766 769 771 775 778 779 781 784 786 
759 765 766 767 769 772 774 779 784 788 790 
760 761 764 768 774 775 777 779 780 782 788 
761 762 764 766 768 777 778 779 781 789 791 
762 765 767 768 771 772 773 774 775 778 779 
763 768 770 772 778 785 788 792 793 794 796 
764 773 775 781 783 786 791 797 799 801 804 
765 771 772 775 776 778 782 783 787 793 797 
766 770 772 773 774 778 779 787 789 791 793 
767 768 769 790 791 792 794 795 796 805 809 
768 785 787 790 795 800 805 811 813 819 827 
769 770 771 776 784 788 789 791 797 798 801 
770 774 775 778 782 790 791 795 796 797 800 
771 775 776 777 778 782 783 784 785 796 798 
772 773 778 779 789 794 795 796 798 802 803 
773 776 777 784 785 786 789 798 800 802 803 
774 776 781 783 786 787 789 792 794 802 803 
775 778 779 780 782 789 797 801 805 809 812 
776 777 779 786 789 794 801 807 808 813 819 
777 779 781 784 785 786 795 803 805 807 810 
778 793 794 795 796 797 798 801 816 820 824 
779 780 783 786 796 799 800 802 807 810 811 
780 782 783 784 785 788 790 791 792 794 795 
781 783 794 795 796 797 800 802 803 805 810 
782 789 791 798 802 807 808 814 819 826 834 
783 786 787 793 794 798 800 802 808 816 818 
784 788 791 794 797 799 800 802 820 821 831 
785 787 788 790 791 794 795 801 809 810 814 
786 788 789 791 793 795 810 811 812 815 817 
787 803 805 814 815 818 819 820 831 840 841 
788 790 795 800 801 802 803 809 814 818 821 
789 801 802 806 810 811 813 818 821 830 832 
790 797 808 810 811 814 815 819 821 824 831 
791 792 799 801 802 806 812 821 825 829 830 
792 793 794 796 798 807 811 812 824 831 832 
793 806 807 812 818 822 829 830 831 834 839 
794 795 797 798 803 805 814 818 820 826 828 
795 796 797 800 802 803 805 808 814 815 817 
796 801 805 809 814 817 819 820 821 822 823 
797 798 801 806 808 810 812 821 822 835 840 
798 801 802 806 811 820 821 827 828 829 831 
799 802 804 806 809 816 817 819 821 825 827 
800 802 803 804 810 819 821 826 828 830 834 
801 805 808 812 818 819 822 823 826 827 829 
802 804 808 809 812 814 815 818 820 823 826 
803 811 812 813 814 815 819 826 829 831 837 
804 806 813 814 816 818 820 821 823 827 828 
805 807 809 810 811 820 821 822 824 828 832 
806 807 808 810 811 815 817 818 821 822 823 
807 816 835 836 839 841 844 846 847 849 855 
808 809 812 820 822 823 824 825 827 828 830 
809 813 814 815 818 820 821 827 834 835 836 
810 814 826 828 832 833 835 838 839 841 848 
811 816 822 824 827 829 830 838 839 842 845 
812 822 825 827 828 830 833 835 837 839 843 
813 814 815 817 822 825 827 830 831 841 842 
814 815 817 818 821 823 825 826 827 829 835 
815 817 819 821 823 827 839 841 843 844 845 
816 819 820 829 834 836 838 841 842 843 848 
817 818 820 825 827 831 833 835 836 839 844 
818 820 822 831 832 837 839 843 846 851 853 
819 822 832 833 837 840 841 842 843 844 845 
820 825 829 831 832 833 843 844 846 856 857 
821 823 826 829 832 840 843 850 854 867 874 
822 825 826 831 836 838 851 855 856 858 864 
823 825 829 830 832 833 834 852 854 855 863 
824 833 834 836 844 845 848 849 851 854 855 
825 827 830 835 843 849 856 861 864 867 874 
826 827 831 833 836 841 849 851 856 858 859 
827 828 830 831 833 837 838 845 847 849 865 
828 831 834 835 848 849 859 863 864 865 871 
829 833 834 839 841 842 845 846 855 856 861 
830 834 838 839 840 844 846 847 849 851 852 
831 839 842 851 855 856 858 862 870 872 875 
832 837 838 840 846 847 848 850 852 854 855 
833 838 839 843 847 849 852 857 858 862 864 
834 838 841 844 847 850 852 853 857 865 875 
835 836 837 841 844 846 852 855 857 861 862 
836 838 839 840 847 852 853 855 856 858 860 
837 842 846 848 855 856 858 859 863 879 881 
838 844 845 847 854 856 858 860 865 873 874 
839 841 843 847 848 849 854 856 860 861 864 
840 842 843 852 861 864 872 877 879 880 887 
841 843 847 849 851 858 863 868 869 873 877 
842 845 846 847 848 854 857 861 865 870 873 
843 846 849 852 855 860 863 865 867 868 872 
844 845 849 854 855 861 868 871 880 885 886 
845 850 853 858 866 869 873 874 876 878 884 
846 847 856 860 866 868 871 875 877 878 880 
847 851 853 856 859 861 867 869 870 872 874 
848 856 860 863 864 866 868 870 872 874 876 
849 852 855 865 868 875 877 878 879 881 884 
850 854 857 858 861 863 869 870 877 879 881 
851 853 855 861 863 868 869 872 874 877 878 
852 853 858 859 871 873 874 875 880 886 887 
853 854 857 861 866 871 872 874 875 876 879 
854 856 859 861 863 871 883 891 893 896 897 
855 856 860 863 869 875 878 884 888 890 891 
856 857 862 865 869 873 875 877 879 885 889 
857 860 867 868 869 883 886 892 893 897 898 
858 862 864 871 881 884 885 888 890 895 897 
859 861 864 866 869 872 876 878 879 880 881 
860 864 869 875 876 878 881 884 885 889 891 
861 865 869 870 872 873 874 876 883 891 895 
862 863 864 865 870 875 882 886 888 890 891 
863 864 870 871 873 876 879 883 886 893 896 
864 865 869 870 871 874 881 882 883 886 887 
865 874 875 876 881 882 884 887 889 895 898 
866 867 870 873 880 882 888 895 899 901 907 
867 868 870 876 879 883 884 886 888 893 895 
868 871 872 874 876 877 888 891 893 895 896 
869 873 874 875 878 879 880 881 887 888 900 
870 871 876 878 881 887 888 889 891 894 899 
871 873 876 879 880 882 883 885 886 887 890 
872 875 883 887 888 889 898 900 904 906 920 
873 876 880 881 882 885 890 891 896 900 906 
874 879 885 889 890 893 894 901 903 907 911 
875 884 886 887 888 891 894 903 908 909 910 
876 877 885 888 892 893 894 897 899 904 907 
877 879 881 882 883 884 885 888 889 895 896 
878 891 894 895 902 903 905 906 909 913 915 
879 884 887 888 890 896 897 902 904 908 911 
880 881 884 885 889 893 894 895 903 904 905 
881 884 886 889 891 892 901 902 906 908 910 
882 883 891 892 893 900 901 907 908 910 912 
883 885 888 892 898 901 902 903 904 907 910 
884 887 890 894 896 903 904 917 923 924 925 
885 897 899 905 906 912 914 915 921 922 929 
886 887 888 892 897 904 908 910 911 913 926 
887 888 890 893 901 905 907 913 916 925 928 
888 893 901 902 904 908 912 915 922 926 928 
889 890 895 900 908 910 911 914 922 923 925 
890 893 895 896 897 899 904 908 909 910 922 
891 892 899 904 905 906 909 913 917 919 921 
892 894 895 897 901 909 913 914 915 917 920 
893 896 900 901 906 907 920 929 933 938 939 
894 895 896 898 902 903 905 912 913 917 918 
895 899 906 915 919 921 924 931 932 934 935 
896 897 904 905 907 913 915 923 924 925 928 
897 898 899 907 911 917 918 926 933 942 944 
898 899 901 906 918 919 921 923 924 925 927 
899 901 902 904 910 915 916 921 935 936 938 
900 901 902 908 910 911 912 913 916 917 918 
901 907 909 911 913 921 922 923 924 932 934 
902 903 904 905 914 930 932 934 938 939 944 
903 912 916 924 925 927 929 931 932 934 940 
904 907 931 932 938 954 955 960 962 967 974 
905 913 916 927 934 937 939 941 945 964 968 
906 908 917 920 921 923 929 934 936 937 942 
907 911 912 913 917 918 925 932 935 937 941 
908 917 925 926 927 929 935 940 944 946 948 
909 910 918 922 926 928 930 931 934 940 947 
910 914 917 922 923 928 929 933 935 936 939 
911 914 915 917 919 920 923 926 936 943 958 
912 915 919 920 921 923 924 925 930 932 934 
913 915 920 922 926 927 932 933 935 937 939 
914 916 925 926 930 936 937 939 940 941 943 
915 918 920 922 930 931 932 938 940 943 947 
916 918 920 925 930 932 933 937 938 943 944 
917 920 923 924 935 940 941 944 947 955 961 
918 919 921 924 926 927 930 931 932 936 938 
919 922 924 926 928 931 932 933 935 936 938 
920 923 925 926 928 929 931 932 933 934 937 
921 922 925 926 927 936 939 940 941 949 951 
922 924 929 930 932 935 937 943 945 948 949 
923 924 925 932 935 937 939 940 943 945 947 
924 937 947 951 953 954 959 960 962 965 969 
925 929 932 933 938 940 942 943 947 953 962 
926 937 941 947 949 952 954 955 958 962 965 
927 934 937 941 942 950 951 954 965 977 978 
928 930 931 935 938 947 948 950 960 961 965 
929 930 937 938 945 946 949 950 955 960 961 
930 931 932 938 940 941 948 950 954 962 964 
931 937 939 941 945 947 951 955 958 960 962 
932 939 940 943 945 949 951 953 968 974 976 
933 936 939 940 946 947 949 953 954 958 961 
934 935 936 937 939 945 947 948 951 953 955 
935 936 939 945 947 951 952 953 954 956 970 
936 937 939 945 946 950 955 957 970 974 976 
937 942 946 948 952 958 961 978 983 984 985 
938 942 944 954 960 964 969 972 979 986 987 
939 944 947 949 954 955 957 958 959 964 965 
940 941 945 947 952 953 958 963 965 968 969 
941 952 953 962 963 964 972 976 978 981 990 
942 943 945 951 952 953 954 955 957 959 962 
943 944 945 946 947 948 949 954 955 964 966 
944 949 952 955 960 961 963 972 973 976 980 
945 947 948 960 962 967 970 971 975 976 978 
946 947 950 952 955 958 962 966 969 970 973 
947 948 953 959 961 963 964 966 968 969 970 
948 953 957 969 974 976 978 979 982 983 984 
949 950 954 959 961 962 975 978 983 986 987 
950 959 962 964 966 967 969 979 981 986 989 
951 952 961 965 966 967 986 990 992 993 996 
952 953 955 959 966 969 970 971 972 973 974 
953 954 957 958 961 968 970 971 974 975 976 
954 955 959 961 962 964 967 968 969 971 973 
955 956 959 962 963 964 965 966 968 969 977 
956 958 961 963 966 968 969 970 973 974 977 
957 958 961 962 963 965 969 971 972 973 980 
958 959 960 965 971 973 976 984 985 986 988 
959 970 979 980 985 986 991 993 994 996 997 
960 966 970 975 977 980 981 989 991 993 996 
961 968 970 971 978 980 985 986 989 990 991 
962 964 965 967 969 974 979 986 990 991 993 
963 966 978 981 982 983 988 991 997 999 
964 967 970 976 977 978 990 
965 966 974 975 978 982 985 990 993 996 999 
966 967 968 970 971 973 978 979 980 982 985 
967 969 974 977 979 980 981 982 984 988 992 
968 973 974 988 990 991 995 996 999 
969 972 973 977 978 980 985 986 987 992 994 
970 972 977 978 982 985 988 989 991 992 994 
971 980 986 992 993 995 996 
972 978 988 990 
973 976 982 984 985 987 988 990 992 993 994 
974 985 991 992 993 996 
975 976 980 983 984 986 989 990 993 996 997 
976 979 981 990 995 1000 
977 984 988 989 990 992 994 995 
978 979 981 982 983 984 985 989 995 1000 
979 980 989 991 996 997 1000 
980 984 986 987 989 992 994 995 997 1000 
981 992 993 998 1000 
982 985 996 1000 
983 994 996 
984 985 986 992 
985 987 989 990 993 994 1000 
986 991 997 999 
987 988 992 993 995 997 1000 
988 989 991 998 
989 995 996 998 1000 
990 992 994 997 
991 992 994 996 998 999 
992 996 
993 994 998 
994 999 
995 
996 997 999 
997 
998 999 
999 1000 
1000 
